0.000000
0.000008
0.000031
0.000060
0.000074
0.000055
-0.000021
-0.000151
-0.000313
-0.000544
-0.000819
-0.001094
-0.001287
-0.001196
-0.000892
-0.000527
-0.000121
0.000253
0.000945
0.002031
0.002947
0.003516
0.003523
0.003327
0.003715
0.003756
0.002523
-0.000259
-0.004467
-0.007772
-0.009629
-0.011774
-0.014298
-0.017368
-0.018213
-0.013419
-0.006433
-0.000351
0.003390
0.005377
0.013518
0.027480
0.039296
0.046361
0.045847
0.047181
0.060410
0.070325
0.064489
0.035675
-0.011804
-0.041447
-0.053264
-0.078445
-0.126765
-0.210659
-0.259369
-0.187057
-0.075643
-0.015828
-0.161668
-0.566581
-0.396811
0.909066
2.802217
0.909066
-0.396811
-0.566581
-0.161668
-0.015828
-0.075643
-0.187057
-0.259369
-0.210659
-0.126765
-0.078445
-0.053264
-0.041447
-0.011804
0.035675
0.064489
0.070325
0.060410
0.047181
0.045847
0.046361
0.039296
0.027480
0.013518
0.005377
0.003390
-0.000351
-0.006433
-0.013419
-0.018213
-0.017368
-0.014298
-0.011774
-0.009629
-0.007772
-0.004467
-0.000259
0.002523
0.003756
0.003715
0.003327
0.003523
0.003516
0.002947
0.002031
0.000945
0.000253
-0.000121
-0.000527
-0.000892
-0.001196
-0.001287
-0.001094
-0.000819
-0.000544
-0.000313
-0.000151
-0.000021
0.000055
0.000074
0.000060
0.000031
0.000008
