-0.000000
-0.000000
-0.000000
-0.000000
-0.000000
-0.000000
0.000000
0.000000
0.000001
0.000001
0.000002
0.000002
0.000003
0.000003
0.000003
0.000003
0.000002
0.000001
-0.000000
-0.000002
-0.000004
-0.000007
-0.000009
-0.000009
-0.000009
-0.000008
-0.000008
-0.000006
-0.000001
0.000004
0.000009
0.000012
0.000014
0.000017
0.000020
0.000022
0.000021
0.000015
0.000010
0.000005
-0.000001
-0.000009
-0.000023
-0.000038
-0.000045
-0.000048
-0.000047
-0.000046
-0.000046
-0.000036
-0.000017
0.000005
0.000025
0.000036
0.000043
0.000059
0.000075
0.000086
0.000085
0.000069
0.000057
0.000051
0.000039
0.000017
-0.000024
-0.000069
-0.000092
-0.000103
-0.000107
-0.000112
-0.000122
-0.000107
-0.000061
-0.000010
0.000035
0.000054
0.000063
0.000097
0.000136
0.000161
0.000160
0.000121
0.000091
0.000083
0.000062
0.000016
-0.000073
-0.000178
-0.000232
-0.000251
-0.000260
-0.000268
-0.000289
-0.000258
-0.000151
-0.000029
0.000079
0.000136
0.000162
0.000241
0.000343
0.000413
0.000429
0.000363
0.000304
0.000300
0.000271
0.000184
0.000005
-0.000223
-0.000358
-0.000411
-0.000450
-0.000491
-0.000564
-0.000550
-0.000372
-0.000150
0.000040
0.000134
0.000155
0.000275
0.000466
0.000600
0.000633
0.000512
0.000384
0.000382
0.000355
0.000211
-0.000100
-0.000529
-0.000794
-0.000874
-0.000923
-0.000973
-0.001082
-0.001059
-0.000704
-0.000235
0.000173
0.000415
0.000489
0.000723
0.001133
0.001442
0.001561
0.001386
0.001140
0.001135
0.001118
0.000862
0.000291
-0.000557
-0.001164
-0.001383
-0.001539
-0.001712
-0.001996
-0.002109
-0.001589
-0.000776
-0.000078
0.000335
0.000398
0.000702
0.001426
0.002015
0.002254
0.001968
0.001458
0.001418
0.001475
0.001077
0.000098
-0.001467
-0.002692
-0.003076
-0.003269
-0.003505
-0.003922
-0.004138
-0.003120
-0.001341
0.000239
0.001301
0.001621
0.002253
0.003860
0.005324
0.006055
0.005749
0.004765
0.004641
0.004919
0.004213
0.002227
-0.001160
-0.004231
-0.005463
-0.006161
-0.007070
-0.008377
-0.009556
-0.008161
-0.004635
-0.001414
0.000719
0.001167
0.001964
0.005384
0.009029
0.011011
0.010697
0.008400
0.008001
0.009341
0.008346
0.003884
-0.004608
-0.013396
-0.017181
-0.018918
-0.021591
-0.025518
-0.029937
-0.027235
-0.016328
-0.005369
0.002458
0.004983
0.007644
0.021181
0.038974
0.051773
0.056864
0.053106
0.056890
0.073341
0.081150
0.069685
0.031521
-0.020203
-0.046083
-0.057519
-0.085193
-0.138290
-0.225098
-0.262335
-0.179001
-0.068392
-0.015510
-0.176865
-0.574922
-0.375820
0.914582
2.780021
0.914582
-0.375820
-0.574922
-0.176865
-0.015510
-0.068392
-0.179001
-0.262335
-0.225098
-0.138290
-0.085193
-0.057519
-0.046083
-0.020203
0.031521
0.069685
0.081150
0.073341
0.056890
0.053106
0.056864
0.051773
0.038974
0.021181
0.007644
0.004983
0.002458
-0.005369
-0.016328
-0.027235
-0.029937
-0.025518
-0.021591
-0.018918
-0.017181
-0.013396
-0.004608
0.003884
0.008346
0.009341
0.008001
0.008400
0.010697
0.011011
0.009029
0.005384
0.001964
0.001167
0.000719
-0.001414
-0.004635
-0.008161
-0.009556
-0.008377
-0.007070
-0.006161
-0.005463
-0.004231
-0.001160
0.002227
0.004213
0.004919
0.004641
0.004765
0.005749
0.006055
0.005324
0.003860
0.002253
0.001621
0.001301
0.000239
-0.001341
-0.003120
-0.004138
-0.003922
-0.003505
-0.003269
-0.003076
-0.002692
-0.001467
0.000098
0.001077
0.001475
0.001418
0.001458
0.001968
0.002254
0.002015
0.001426
0.000702
0.000398
0.000335
-0.000078
-0.000776
-0.001589
-0.002109
-0.001996
-0.001712
-0.001539
-0.001383
-0.001164
-0.000557
0.000291
0.000862
0.001118
0.001135
0.001140
0.001386
0.001561
0.001442
0.001133
0.000723
0.000489
0.000415
0.000173
-0.000235
-0.000704
-0.001059
-0.001082
-0.000973
-0.000923
-0.000874
-0.000794
-0.000529
-0.000100
0.000211
0.000355
0.000382
0.000384
0.000512
0.000633
0.000600
0.000466
0.000275
0.000155
0.000134
0.000040
-0.000150
-0.000372
-0.000550
-0.000564
-0.000491
-0.000450
-0.000411
-0.000358
-0.000223
0.000005
0.000184
0.000271
0.000300
0.000304
0.000363
0.000429
0.000413
0.000343
0.000241
0.000162
0.000136
0.000079
-0.000029
-0.000151
-0.000258
-0.000289
-0.000268
-0.000260
-0.000251
-0.000232
-0.000178
-0.000073
0.000016
0.000062
0.000083
0.000091
0.000121
0.000160
0.000161
0.000136
0.000097
0.000063
0.000054
0.000035
-0.000010
-0.000061
-0.000107
-0.000122
-0.000112
-0.000107
-0.000103
-0.000092
-0.000069
-0.000024
0.000017
0.000039
0.000051
0.000057
0.000069
0.000085
0.000086
0.000075
0.000059
0.000043
0.000036
0.000025
0.000005
-0.000017
-0.000036
-0.000046
-0.000046
-0.000047
-0.000048
-0.000045
-0.000038
-0.000023
-0.000009
-0.000001
0.000005
0.000010
0.000015
0.000021
0.000022
0.000020
0.000017
0.000014
0.000012
0.000009
0.000004
-0.000001
-0.000006
-0.000008
-0.000008
-0.000009
-0.000009
-0.000009
-0.000007
-0.000004
-0.000002
-0.000000
0.000001
0.000002
0.000003
0.000003
0.000003
0.000003
0.000002
0.000002
0.000001
0.000001
0.000000
0.000000
-0.000000
-0.000000
-0.000000
-0.000000
-0.000000
