1.000000
1.000000
1.000000
1.000000
1.000000
1.000000
1.000000
1.000000
1.000000
1.000000
1.000000
1.000000
1.054939
1.232018
1.438822
1.680339
1.962397
2.291800
2.676497
3.125767
3.650450
4.263206
4.978817
5.814549
5.962704
5.847893
5.735294
5.624864
5.516558
5.410339
5.306165
5.203998
5.103796
5.005524
4.909144
4.814621
4.721917
4.630998
4.541830
4.454379
4.368611
4.284495
4.201998
4.121091
4.041741
3.963918
3.887594
3.880018
3.918011
3.956375
3.995116
4.034236
4.073739
4.113628
4.153909
4.194584
4.235657
4.277132
4.319014
4.361305
4.404010
4.447134
4.490680
4.534653
4.579055
4.623893
4.669170
4.714890
4.761058
4.807678
4.854754
4.902292
4.950295
4.998768
5.047716
5.097142
5.147053
5.197452
5.248345
5.299737
5.351632
5.404035
5.456951
5.510384
5.564342
5.618828
5.673846
5.729404
5.785506
5.842157
5.899364
5.957130
6.015461
6.000399
5.884320
5.770485
5.658854
5.549381
5.442027
5.336750
5.233509
5.132264
5.032979
4.935616
4.840134
4.746500
4.654678
4.564631
4.476328
4.389732
4.304811
4.221533
4.139866
4.059780
3.981242
3.904223
3.828695
3.754628
3.681993
3.610765
3.540913
3.472413
3.405238
3.339362
3.274762
3.211411
3.149285
3.088361
3.028616
2.970027
2.912570
2.856226
2.800971
2.746785
2.693649
2.641539
2.590437
2.540325
2.491181
2.442989
2.395729
2.349382
2.303933
2.259362
2.215654
2.172792
2.130759
2.089539
2.049116
2.009475
1.970601
1.932479
1.895095
1.858434
1.822482
1.787226
1.752651
1.718745
1.685496
1.652889
1.620914
1.589557
1.558806
1.528651
1.499078
1.470078
1.441639
1.413750
1.386401
1.359581
1.333279
1.307486
1.282193
1.257388
1.233064
1.209210
1.185817
1.162877
1.140381
1.118320
1.096686
1.075470
1.054665
1.034262
1.014254
1.000000
1.000000
1.000000
1.000000
1.000000
1.000000
1.000000
1.000000
1.000000
1.000000
1.000000
1.000000
1.000000
1.000000
1.000000
1.000000
1.000000
1.000000
1.000000
1.000000
1.000000
1.000000
1.000000
1.000000
1.000000
1.000000
1.000000
1.000000
1.000000
1.000000
1.000000
1.000000
1.000000
1.000000
1.000000
1.000000
1.000000
1.000000
1.000000
1.000000
1.000000
1.000000
1.000000
1.000000
1.000000
1.000000
1.000000
1.000000
1.000000
1.000000
1.000000
1.000000
1.000000
1.000000
1.000000
1.000000
1.000000
1.000000
1.000000
1.000000
1.000000
1.000000
1.000000
1.000000
1.000000
1.000000
1.000000
1.000000
1.000000
1.000000
1.000000
1.000000
